0,0;1244;LiteralOp 43;;0,0,-1,-1,-1;S;I;0,0,-,-;;;;
134,134;342;TWrite wormhole1;1244;0,0,-1,-1,-1;S;I;-,0,0,-;;;;
135,135;338;TRead All_Centroids;;50,1000,1000,1000,-1;M;D;0,0,MAX,-;;;;
0,0;1238;LiteralOp 5;;-1,-1,-1,-1,-1;S;I;0,0,-,-;;;;
135,135;337;TRead run_index;;0,0,0,0,-1;S;I;0,0,0,-;;;;
135,135;343;LiteralOp 1;;0,0,-1,-1,-1;S;I;0,0,0,-;;;;
135,135;344;b(-);337,343;0,0,-1,-1,-1;S;I;0,0,0,-;;;;
135,135;345;b(*);1238,344;0,0,-1,-1,-1;S;I;0,0,0,-;;;;
135,135;346;LiteralOp 1;;0,0,-1,-1,-1;S;I;0,0,0,-;;;;
135,135;347;b(+);345,346;0,0,-1,-1,-1;S;I;0,0,0,-;;;;
135,135;348;b(*);1238,337;0,0,-1,-1,-1;S;I;0,0,0,-;;;;
0,0;349;LiteralOp 1;;-1,-1,-1,-1,-1;S;I;0,0,0,-;;;;
0,0;350;LiteralOp 1000;;-1,-1,-1,-1,-1;S;I;0,0,0,-;;;;
135,135;351;rix;338,347,348,349,350;5,1000,1000,1000,-1;M;D;MAX,0,MAX,-;;;;
135,135;352;TWrite C;351;5,1000,1000,1000,-1;M;D;MAX,0,MAX,-;;;;
137,137;353;LiteralOp 0;;0,0,-1,-1,-1;S;I;0,0,0,-;;;;
137,137;354;TWrite iter_count;353;0,0,-1,-1,-1;S;I;0,0,0,-;;;;
138,138;355;LiteralOp 0;;0,0,-1,-1,-1;S;I;0,0,0,-;;;;
138,138;356;TWrite term_code;355;0,0,-1,-1,-1;S;I;0,0,0,-;;;;
139,139;357;LiteralOp Infinity;;0,0,-1,-1,-1;S;D;0,0,0,-;;;;
139,139;358;TWrite wcss;357;0,0,-1,-1,-1;S;D;0,0,0,-;;;;
